$ANSIBLE_VAULT;1.1;AES256
66653232633539643431336464336262366464623337363333313866333064616239653135393637
6438633262626131623832363334353437343065666464360a353864316139623436366334393930
62653532633464363335313261613537373230353662353339386462663136366436616539653433
3635356562306338620a353364623637363566653530343164386337323665386166363361306666
65376666386137646338386431643337656435616361646337653032396134356136646666313866
66373432626135646463646531653037343965383733626466326165623338366566663665366666
38646330643032633362663365633265383465383838326234313666333738313838323238303436
30643232303539313534656363326333363734613665373931613565643962626639623731356136
61383830343835633739656161666661376463363865323434376538333862393466613866643230
34346433643062316164306232306537373561663263323032626239636132626161393239336539
37626162643837393435633331353932386436363537383163393234643261643661396536313331
33386264316239343464333962663166316135646363656135623335363338303138646437633530
66653164393338356564333139306564386230383733626239366161616136656564663735313036
33623738666662613137653665343839306236343530633063343535616434383966633765353833
32356531656337313966613839623264363662346138303939323839323561373766323464646363
61326334663831346261373662396335313438613437663731323463643461336265323534383965
35616161616566366236316136303737663633653638363537623230323534666437306136323436
64363337313935313037646163376564623134623436623337396138306461656165613164623339
31373933623637353663353430343565333630663937393563373739636136306533323039326439
65383265323133336635343161306362396131323138353935623230393061333135313438313464
36653063613832393765656535626332363736386137373235616538316163613330616436616562
36326139316632366131376330393562343966363237343964353330396231346464336161643536
64333563343766623831383462396564383262613834336638636662306664643331353230623163
62363937373964333836303365356464616664343835356465303239666461376433353336653062
61396664343730343537346630646436646436363662316131653465633134333239313438626338
64333239346366323165326338373538346233343037353766333937346666336165363230323130
34653937613762343161343737383665636461306164373866393763653538373937663563336435
61376330383834376666363735356534663536366262326530363164303162336239393464336534
62313737383537623366383231346436653931653236373934653031623533383233366262363530
37653538663366343336393965313232353438323862636130323630656330653736376362323865
66363531366133376666613366333632646330643830636463303864346462353833356137323633
31323737306637313464326237356366633234343437383633303631393566626565396366623933
32393030353763306636633633393737343430643832383737653932373838366362613565326666
65613432636139326461386632396634656235313363616661393039666538663430323831313865
35353965363261646566366365646562616434643062623438326562623930306238666331306262
39383435363963643833303835383330343462363439646664343766316564313663333230326362
63393363353735323463633663396632303865623763643834666534356234306237393636666663
32373337303437666264666439373265323435356134303537663937386539376335353438666235
30386561313139643664333865393330363864646164376230313534376566316431636366383730
36663264383330353662653537353532643738306466366338386631313264396163646632623562
31313831646665363839666330333236303131333735346364343331353831373530663763393162
37656464356339363533336665336330333136326335326231353762383934383631346434663831
66666565623064306438393866336662303336316232356665636630306566326230396432336563
30313131326134323433363334363738356637633062653863626664636133633764333934646262
37663764313030666464653636393734373037333663366637666237393564613865646335303632
66353130393163646532383864373761626165306161306634306263363039393437663936323263
66303334343034613830343861626535393232613061333162633334363732313832613461383539
37623533383135353264366531653835653662633839363430336136666535366330623637303136
62313862643761383861363366626233363963356536613437643239376437316230356336316663
37666261666539376531366163373133306163366365623637356131633665373933376234336336
36666632386238303861323434643638343966396561643966633635313265316139333030666631
62626636613730303663383736326161323263303730366434393063346537653566656664336330
31393363316535306539613835363866333762313361623832626138323833333738376331346131
36643838303339626537636630373535326563356332343564323263663836303063623662333362
61363736333233643032383238373762613535633634396266633536313230643835353637306435
36633438333633356338393530656437376631383739646562613532303163306231653636376436
30646634333333616361306635336433306439663563376234653033383864643937353931313263
32316166313530653866366432616165626434663737653232336465323636343330303262663938
31366139353735306134343837643931336161643930646138636634333830393131666533616665
61383034323033313439646165383737353163303564643330656465396265343963363538303331
31333666636130346265393137363362326533653232616162363563653566646330306537306633
62353432353139323166633862386134343862636534653631376136353466383735396535653337
36366666313036396139363132383830303634653835663063646639373734373334623039663266
30666563393964633766643461656262366431346639636138323362326262373966336463643464
64626138343138613464343766636132653533366631333464323262336237363731646434383834
34373435646661653233343661303035663037353063623939343838636137323363376565316634
39656261363165363130393733633932383830326437346433666638623264636337313936353038
37613437303236306265363130303934663931326635636366663862333535653632393663303235
33633635366462623564393939343262373534623330306666333537306535343034353433656566
65346530363466346662653862356632323235623631306161333132646532383334326331376532
64613365656164356664623133376163396538303637613366396334633737643739373765303032
39653166393931616163323636333563386262643138626630313634303835653730333465303565
65316635646532313665376438653362643866363431373335396438616137633236323833646465
35633533393236313366653934386166343039646136353138396235333439633766656663333664
34336333386233666238373330656561623665383630363438366630643335623037646538653733
62343131383038623636303037656665373933333864353965323264313136376333363439316166
63303936613562633963326166643036303036626565336432353032623036333532363533396261
35343766376562353564653866656639313832306565323764663735346263646433303165633666
63313166326538343433383639323039663735386635323337373535303835393537633634363562
31303366613038633932616539663532353332643161313432333866346366393566636461613365
61313961303637303132666232313666303633626338343231646537643532636262386232656462
34336330383036326466313563633161336130656230633362336638616239653163613838626361
37373839306530633936613365313464643162393935303332333865356366663665343234383733
64613665633466613637653664383436643530386539303831343035343131326132316431613036
31613038633634623239373232383362333133323066373932346332386466323332396539633566
32323131363731353636653532303731643636383834386466363033623262376133363163383832
31613538333936623430313338613432386331363935613661353333323361306637303932336635
64613662303135333531366431353234343730623935646234383935336265386131356461663236
38323835653836393133616139333134333163353565633938643537323439646539373866326662
32323361343038616263643131666531623634313765616161396235363034666239616263386164
36343531366464626363663430643062623031333962323363353931363466386239663962643861
36363664663035303638636337323966323463613166316333326138613032626135306262323663
37646466303166343931306563656430623736623937393166323665316236323036323833626434
61333337663036323238363834353161343732666465313032393131396537363031666438646239
66353738343337623730346637633939656238376139346563356532626137306531623739346632
31373466633263613563623764643166393530626233346339353465636635613835376631336561
30643565383464393362303033323836633761666130333335663231373366373139356130643437
31343037373238306637343263333730346564323433623464383261313035333031653339353330
35356661626561383434643230653034363263306632643336653531373633386435356464353837
38306562326137393739376265303531313264386531643764613462343364663333663632383664
62303831623438396637376166333434343461623563303262346138333431613130353032343636
66303633383535343739353836383035333033626630613035313163306663393962346165623765
61316266343365333133383639306666323661363935623735346635666639653431633336656433
39333164323063313364353261383039626635656334623735343733656433336162363762386164
39356133356235363163356164316139326365313734383363646638343865323766663530303730
38313134323230356331616330326265363633363534323932343931373333636636643435353431
33653864376633653933643539383736313739326633336539613064353734366366373038313364
32663333373063613834393733313361346632363137326430343962316266323930326633306236
64363437336162346130646534373965623833636637366336626630373439343837353965653331
65636431376161316361376563623832373339393132663031613366343930353261376538633230
64646536393161333462343938363138303338353739613166643538663366323464376636623161
32323937633639306136396262613331366338333333616133613333636233393639386138336337
62343064633366363766396362613637386566653535636339306133626165363032613966626333
31333039346661366533366436623032653434336531666438386632336531363833393136356664
61376166616331653262363333383062643462343638303166353963333462383861343762303464
38353562323731613266623132333830623130623835663065323738653931323464313365313763
62343134306239396538666635613638633633393436383830363037313739613063323235313762
65306637383738626663623161373762353331313336383966306239646535313066303731336639
31326463356336306533383634626430656564383036643339646139306366383662643832633732
66343039343833666339333232393831626336316131633030653332336231373938306166626564
66363137346534613931396132313238353431326266336666636332303834613063646565363066
32653031386431626239646537316636636661313533323861373766333038376566363238363764
32343437386162316337393237646231643161353039613739383332653536663232613166363965
65333966616638396636383631376632373664356661663234366333383036613230343338616463
39373732626137313961646362653339663230353965383634323062626231663431363762366366
37303938353961646261643166356662646161326132343663396330643533636431303430316538
65626565643865336131356665656637653330373033613963636232643433333535346239363437
32616333366661653134613035363234373337316263636264383135393264613234373831653035
33653138616638613939343234656335313333303337376461346465373437383435613165393266
65333462613537393163653164636263366364623338613465333433336261373536356261383663
34656466353935643833373334613031386331393464316131313137326266356361336432356634
35383935356164323830646334626563646637326161666265336633323433396638313539313562
61343266356233366533303962373534306131343766326532316234356532303434633134313830
32363430353261323733366232303938666265356139653338303133656434303763656638316266
32316531323962336633316638306161613737666433383331383130653933616233393837383931
38653936626536613262336538613761343661326634376137626330343630323230346337316235
38333230373036373737333137373235333763386636663932616162383937326539346338393734
62623635353339643132303334643231393638666435633265383536643037376237323832313164
39613732323862343035663032383762313232643664666536316666366166323135666637353933
65636231343364633630636464643665366666646230616534623639353830353365636666613931
65643064633063653939323936366635663039326663313934393763366637393637626461393933
64636436356531653663633761366164663239326463633234623032336564373439353938333766
30323163386563396537376338386464396234373537343639666338306362623463383461623330
33613266323862316136366639643632396537653663656231306437303965353430353466353366
39643265353331616435396236356137663539353266666164643831373633643937663532343966
64353264643837666635613136333437613536666664366632656434343836373565623761383963
62663837356331376464343734313532653065376665383032353038616330636466306131616533
37613931383661313834633530653534653639643332313464663232356432666138663866363134
35646433666638613835646366313434383964313138653033636665386331623363636339653461
61343336646339326334633262323563663766306263386639656563356530393833343831376135
37343536353961323264653761363033663764373736343561666636356439343131656133373362
36316238326332366463616162393065613331356539303365656536303335306536356462396430
64303637343565383763616139353835346131663765356130373334353632356364303035646431
33623237343339313936303531346538306434633835373232376335303765653365353765343238
63613437393961613437633937353164636466353366326331633936633133356334613734373662
66653863363938343839653637333239306261353639663036643537613130613362343864626236
64613639336433633563616461353630313038616231313435653661303965333837306264663065
36353164356637656434633364313531373562356161366163366433303233373462643738366632
61343833393934653136653538613138333064376634303965623365623638626263343064633839
38356539386562623132636333613636356365633961613634653733653539336337303639346366
32663930316664393839633165383463656136666532303966363539343030306238636231653866
32376366613935313139343665363238303564626133393238333063653661343630336665663632
31663232656438303763393363643937663364626166336163333134646662376563623231396633
32333937633633396562373766366361366439313765306638386534636335363733653665666164
36626465336137613961346162313235323864346634623963353534343162323665653238383564
30386161353336373465396331353936616230623762623333356137303235663338313964643232
63663637666631626435653632393261363464393639333037396661396165323039653763653637
62363730623262646133636335323532366537336635303766336663373635346565336136613435
33343138333463643833316662373331336138313135633937316363353762373837356230616665
36653434376438366361383461323730633137333934323964343961663934656663386134663262
39303636346461623732373563353864613163336236323562383739316163333130633531663339
63336563663335366332653863323331323363663038653163306435383362663862663030306130
30383663653935323530626431396463636163623162393638393339336535323230323438346539
64306332303437386465623462346133356333383637316165313734353463323336653561313666
34373435343336633232333438326365363762346561343935396461323162613231613339623438
61333162336663373733333035326636623066356133616332356130313930366365636631323338
37313637333333623163376234313932666464613932396334633833623131633334653965383865
66383432643536333532613131663737356238376430613438336161386266656136353531303762
32386332363033666330383061326566326132376537666334363838366530666435373330366432
31363635636664383865393639653234363565643363353430623136343661306236343231316461
34633033613632353666393832643932316462323663653264336631373132396664393534623930
31383834646262366530306234303061366636306634366638626335653361316131353831666361
32393766666337663331363065613862313931653839323965346338333562613135383165623565
38623963646537663166656639313532336361613238353537353639323934326464373836373136
35636666663335313838306233316561316461316531636434316265313135303136386633333761
39306465343666653738633734623031633637666439303665333365613834343533336162366264
65366461626437626335613936326535323537363938656237366439636164346639663036636532
65383561336336393365353038383632646235393031386230623434326665363434393937653331
31316337323133613665303334616432643136666330383832303330316335373638303463643031
34363763303961363865633034363635323663343839623634616631356432653738616338613933
61303963653431386435656266653534343336303234363363343664356463326636323362646635
33363039383934666634313034333762626530353936303933333531353036613564376638303562
32306233366538343835643035636365346136636139313933616137623532373838373234353065
63613863653538653961396432373135303535303065343866363339656133376265663562353262
38353132313537376439393765303064633764633462333765646263643533306132326536376566
31633362656238383663383765626130313337333662613162653639646535616134373737396536
30383030346232323461663631656661383533633232353035646362303566363339666437623865
31323861336231326430663761336336396666336165636532653265313935623965653635643463
64613632326131623238373363363666383039663636396432343834383637633132326635376635
31656537356237326635353036653863663362383433393437323538313766656530346264353264
62656532656238643631383033383164663964373231393330346132333761396338383934346563
61356239353534323232333539333862393863626461386166653033636264383065353163306433
37313831333237633135363564623433326534663533306239616663633263353564363931663939
63373433633934656531376536653161376435333234356437323636643134303462383136663434
36366166666636616538616164383631376463343232626162306133323431323962656136353134
65623463363637663465666231636335376336393262333462383832613234333134346261373866
36306639313263336566663135643438353463303761633062356132663935326339653461353331
65336237353232306333333330343632663363313237383537373639343538333261353365316537
31363135666335376661323431316564633634336635623364323339626562656362616534343735
65303233323465636330363761343533656430346563663865386136343530626364363434326663
65373934363462356239653530616131336537333230613438353864356531373132326338653765
34316433313033393138303063396437613963356231323635393064633039323638636364666362
63656436383366376332353732626666383366623762306636336137656238316466616532643061
65666333333138393766336465316431383765373334343238623935353266343761396133643135
66353731363364653532376631346334383238633136313730316664653462393761363036643564
35383339616231363761366330313163393438383264623938643162323861616138643062376566
36306330353261643464323632333632306136653966323037336533333931663339643132373962
35646137373630393465616436346634353036643062396235356538306632373637366436366662
39383437326234613730393939616362346166306534316432316334333138356465373339616665
35373930316330633836323462636534653566343139383163323062386333633339303266626462
39393261353733313731346239656634373930396539333932376664666131356464353461633536
63336438643938653362663263326166653232643234613734363033643230343036666634343130
38363136386433643636366432393331653437393935623761633465393634363139303332633634
33646536653935636563613066373130366666383165616264653262623731333737643839323734
39366331343636633033353537323364666665376137353739633330653438393135643666316238
32666566346466653963663532663765323237326466373137356634353537656562613865383138
31323138333865366339333561333563366638353963313533663864623065326130323066356139
64383464346438376635373861373963646264396436346464333965633662666537363134323465
61376537316635623932633633306661353430343033316261653434623734616536376564393663
33313739613563383535383138326631343262656332666338393032613431616536626436393132
32343464636634313532396437303433616534353465323563653039613565383036386165373239
61646139306334303731303232626132363966366632313465373466653638613736356532326434
36383762373862323961313062656265303431633234383032366266393136623230363935343966
33343738336239323830356366343165373438316666623334653266616335343066666439613861
35303961333835323438383863663532356466666635353035633738333333383234336662653563
30396166366361313363336261633839373665633935353237323763313532653232393935393635
38653036373132353864353262343733643862653130313466333639663539343263353864333932
34353632653937326634653765636332643064356332346363343231333061396430353163363237
33633839623738346266636432623935393036646431616662313263343234386238613062383232
66336464336165663932336636356264356139373035633465396266323232306361303563616330
35393961353639643237363334376564383364613764633535633362316363663930353430623236
37313737366137316365626334666566306138306335633130313665616437633238363130666234
65633733613834346132326665383631613633333234316134386363643836396234306135313535
37386539616130656335623632643865373531633039623935323365323066303434373433613464
63373839613235316132393037613235613666653734666335643562623163616264373037386232
61343636393435323463643062623533663138333937616161313630393138343536346363326532
38343435636436363363323832656235613638303133653166363731626137396533656635313734
66356661353166323739383038326163643631383562343736333434326366653663613261633437
33306136363535303265396634313932623837646133666335333732313230613132303530306661
65636330666564313232303330316530396261316464366130306534373531656634333965323936
65343662333261613262323966323337366434366564363464623764356432646462646133646534
39373734336231363139353766386338656361303330373465386333306539353861366139343333
64613362653963333733663930356334656234653465356334353039323231376464666264383231
36623462653831343830633130643038343034313931323065666135646137346135623931326433
31643439626435353730313035396433336635623736656561306331313031386437393034363832
66613836383564323864653866636262623733383432343138643533343231303264326166353264
38303538396139663935313437336531303833316434643566303361323534666138353238336138
66663234393630636461373235616265393738393932636537663263356438336563303464383764
66396139343737383863613335663961336363353739386631626130346231336231646663343661
65363230323031633437313534613630616630346430356437613462303634336230633834343165
62333564386565663166653231323864396661393032613231666661386264313464613464616237
65613566323134636466366431343439656139336534326661383834663865636433346164386433
64313134646562336263636534666131363761626337316330303239613931616563633933636138
31626238336339353135653533366433613738643536333535313839393730386536656431376162
62393861306335346135663162343663626561306462363333346363653736386463303832336337
63663837376139623932303365656436333965366136303734326436306436656638623933343030
31393336363763333839353463333762313030356432323238656161346639653562653134623064
30633230666134623833633461383665623433306462386563313132363366643731366134623430
35393039613633613731326336623330316335616230396538326134636638656438626239613662
62393065323661646432346562353166303766313365323764656331616232373030333033616333
32313734623366656537346533663766376636313564326636313034333264316264306633653037
37613837373861623931373064336136376235633935353934303662623761353933616231373163
35633166616635333261383961376362343331313738613261313161323765613833303535353461
30626535613637333837633863643462303062343461643832623839663735636238383265656336
65343366353339643766336463313831656338646430353631306537326462613433633639666665
61643739623835303133383964386264303433643066623336313232353530353133616262343961
63336438326562306165633865373632343931636538396232353234333730363765383136626536
36363764663539373639366636343037623766306663353465333136316530393934653764643661
62666563326533303931636563333235323632316562356631666666393535326366353134613032
63643934363135363662646636336635343363353037666636336262346334616163376165653330
63623963613164316464393261623539343535343239306231376162653531393031383530353437
61313437306361303539663966366330623730323635656633396164626530386234653939623036
38613065393437373330326437396133643030623935356563623734626262653261363338346164
30646462616434626338353664373432623033313731663834613935366563303333336335656532
33666636396133613737376163363630396637343132633566356337303131396133373337386465
64373063663966353432613036646463623334363036643462633936303562313363393661306563
63666461636566316233656665656464396362643533666438303565326430623538336239336230
66663632316632636261303931353132306538613836646439396162373963666266363163613436
39396237623937363763643934383435623362383431396236663162373033353565376461656663
33663234636130633033316462666133393934663266633333316564356134616333633861643738
31313365313733643530336232313362333334373139396366613663656530373331333363613233
36336561363937346262326361383836623330626162313763636333656539663066663465313934
31346664323263333630333862626534613230383433653966306638386231626666336136363733
31626265663832353861316130333133376239646362613766633765323033303962666632386538
64393834663061303965316465313030653030646461316532363564633731303037613932336537
31616664333064636362643963633830626330356561336132393835313437666130353737656532
64643839636534623962616663386636343637343533376430626239626632636463323537353234
64343433303862626436363164663830643866303933613863393865383863333762313437393165
64613064363036613661333439393136636464383661333935366234393565346533373434336364
37356135656634343962656636306335396265663263363637353934353535323836346561653336
61643366326130656165373336623566323034323165323433613136663162623939373961393631
32633637306565323031326165643431633363323333393366363838356638373862393535303161
61356564383563373735363563663532393236323839626161376435323733396463636637373936
66306535346332363430326638303631326434666439393037356665646434666337313939666531
38643961643966646266376164363861656162383666656262626265333665333038363938393564
35303064363137303164313632363732386437313566346561313063333062613435366161323965
32353664356661363938636438333035383962306333393535313663303334366138356636643431
37363230386336373831666434663664393537303736346333306437333230366535646563393762
39633835336337356133363363653766383139643231353637653638623832653431366233633561
37626566323664373762396632633366356230626139303036326563623831313264343536623661
61653932306230383537656235616333396338636334373730323862616230356538346533316633
39303466666461356638663634323861363034336435646632336438663465656332383561303837
64373539383363333135313332663735393966363736656635373937633939373639383235356232
62396361356562313963613139333130353062633635663865333637386337316238306262313031
63356431333037313561373733623465653163613136386234313130653432343630326230613235
37326231343233663233613730333632303432393434616133356135363639643439396630303130
66383731326433386166633534626461326538333738356234643734376664613431396134396533
38303731353231346665323030633765616334383337653030643465333835636565636536366531
66386537643765356562326265333364626639656264393664613634323464313333316361643562
39646538373462393164653234363565616363633934343865663338383066313732316532343839
62643935323261316661343135633063363533613761646239623630636166333264333236613830
34323263636534313064333335373761633531346634343832653332363238373638663035633134
31333265353063383235343065616564313931346462343830663039356537666463373835636430
32373235373035316162306665393139396166343534623932303534363534333331633337343332
32373631656564343864633832306366383236333665623163356464313839346561366334653639
38386163666565626364623137663035623864646466383564333635303434353232326262393839
65643736393563343564336134323564366665356466373364646538636162383032613432386361
36666362366466353432333433373737343864333730663931636136376564616565353839343533
64633738353634646563393662373931396530366535643333306264383365313033656462363435
62663065383062656533363439366463363635303631613832633838363462376432646461336437
65353064613336373736623332316331336135303664306165323533626234333030666239613936
63353130646363353066303937643231353833396130636265663961656334666239306433383839
64633834633432613461333037386435343633303332303464313264303438343530366638613538
37393035623737666135626533386464313437343338376631646133643132623133646464633934
38383936393038373830396462653832373839396564313332316233646365346231643163616434
36636361656635643366623265643662623262663030636536393663336131653766623764363332
36326565616634643562316233303135316236323631653734393733333339623730623533303162
32393834383461623738653037363565653761623936333634366535636335313063633633376266
65353839316239666462613430363634346566616265636664623633353962643662653066653233
66383465646465313238333835306661373130353435343339343865376434653564333634323333
37353839326136656261313161396334383735643532303337316364303763643334313537313134
36663761663231326533386137393235313436373565663962333536303634303532353130333661
36613534363564333037366534653234613565333634636132383930353136393732366538376633
38663132383238386135396635393362376332393964323130363430373764343539616266613633
32363434373834656335343263316638323164376464633831326239636437303230313630396439
31326461343633333461356336356131336132626430646532376230613961346165343761633432
31393961663934326636353736613936316437383961326262666466636431626334626564616332
36623134326636303465333739653538353063633031623237613733336239653261626162643738
37363531653738356230636535343762396335353965323636636261396363626536313738303861
31306435386631353063393631623064636361363638656237343031653865623661356639656234
36396230336233343065663136653030313337333335653465656230333732333434396362643536
32313638623265636332616230333433623863663133656465353833326636356332303065353866
38333634316634333234383539663936616431303465383832316630363230616237643765303538
31393164666337653464666665626138666266306336653231313733303166323866333931383436
32326165346365666133366432333530646166613030303036303732666538646639623132313937
39393163323935396564623639623239653233653161363663343631333865366463353438623735
65663439643766363663613637616438323961363364653365613163383634633530633134613664
38336565666566393434363039353736643666333465333638626234643361333265643239656533
62393234656363653862613766333961626162643738373063323966666434663665646464633065
35386261633264393237306465366163363635393834663064353731353865653733373231363735
33653961353537343932376431653833303165343066383166646533383766623964613765383661
65643838363262343134336232646264336435336238376437316665393264623035306335643963
66656635333139346664666261323133643030336633396164653430306264613266316232383665
65313335316265343564623930326165616666383363313832306665343066363632383463376161
61346430323330306331316566313939333237373031663138306161643830333633303561643763
63653165356133373966356664633038303130613433343061616438393366663436326531346663
38303064646436396137326366373230663032623635626333393932323163376532663737643139
30333133616633363865303230326532616665636464313235313530613439343766363137373465
65346362616565636163653961663661336361383330353939633363343633633434666232663963
37646535303465633463636236336463363233353362316331313239316562646435356531663232
38666330666132363439643232303765363837383965663661383261316138363531313866376639
63323134663334353732323030643730623232663162643138663835616234323933623862613562
61343235313435303634366363343633353766366633643035303062336132326161656635663235
64326433643631633631663062333564346462396633636463613361643134653165643764336233
36373438313438323964343566613561363166663839346666343433663734306666666639383264
65376233336536396338386665333864393261393233316237353166343430646431643561313965
30663739363464376630313836626230383732316237653932373266643537383038373934333666
34303432376565376532363335313364323837653737653737383561353138306434333761656337
38613739326233626536376563636262316135633431386134316136326561646539666438626461
31326536306238633631356632613461653232656230643866663933663732346437353764376630
66373438663364323062373761646333356562616135653239646636616237636435353362363937
61306331666532383434343361323534633138383664613837666162653435356566313237636462
31353230613265643561376233303231623734363861363664633963383565373030303732633435
34316134306466336264303465383732363865313163646361626566613366346338653665346165
30376565346162383962323961613932356431303462356466356134363562393033376234313631
39653465613532656231646461363666353865623435636230346133663139326639616234353337
30343033623531616535383239383162646432383963336637353932666331663732366238663235
32636232666337303734396139623161326537663832633033646239633066353936323263333233
35653661363530386265366262333932393764633337663066656463626632323565383561373264
65336330393536333239363338613861653339316234376536626633633662646634346438366566
63316133653966383464343136343066373731666536336238653362323832363833643464333366
61326335366335623363663630306235313561653439653234373666623339366232373230373130
61616236346539333564353964333762626434393838363731363839636434346265393262633337
30313139326539623934396465393361393435666130616164333635626533353538346338326338
61326236323232313664656264623564623030363134633832306163366361666338386361623762
30386430376165623238653834346237623732623464643939363761653862666532363637313032
34303931663038303038323363393834326130643863306533303262333665313936376636333233
30343533643335353965363336343663663063616539386331393438393566613363653566306333
66303166323230613463393762363238636563393462643835636431333239393839613365383634
33666465306462393566343132386236353734346131633962333265346338346134323066653131
31386339373639353165383364323337346136383134336435383364343138333363346363616337
34373932373264373339363833393733373661303131626665643333376463663261383331313531
65643833653165326663323839663630353531323638373936336639646333623761633666633866
64373934346632306465346434643062623462363634623461663437353130353937383930666564
39393336633637646536653839663761393633626230646434636632306264323837386636323964
38363030336430633237396661613866333864333734333736353330323433626266323066333061
61326430383230613964373436393761663465303539336539613866376361666234636134303231
35656461343563633935306135653335633334363835666662366438383234623930313833306439
35306664376637626564663438663863363634366230303430303232633139383335383162353366
66383236313832393461653162343030646365383237336263373737633738363030363337336638
64353834333732353461343532353636366639383437396261666534323136653335353063343930
30313037323861313731376138663337333233633262646161363336643465356363663733383939
35366332353937373839383562653734643161663430653339663763376231656662326662393766
61343565373332633562666564633338663764626331353035663166313262623937633332323266
65636266353537323032336236306232336432646162326431363133616430306466316634643134
32303264373030646336636364353838373936356566343133396132303364376666353635633362
35663361376336653937353739353539626231666234323964373034613837376364343164363432
32376333396465333536396433633438386261356631666461613530616661383638373631363733
32323630346439386332336465646337613832613131613137376234663763646161353334373661
35353131396230373534313739396337613934623264353664306363303963643335383761373664
35393963653434373438376564346465303837333834653462663737633036316435303435396363
61356364306637656631636237663965316132613935386566316331336265653865656433393138
62383864633134393237343563636233613532366137353564656431633538343539333739303534
64643031616463303134376332396365366437633362333937616230633130306139653661613636
32363261356233313732323731376335343138393065626236656461666637326138613138313030
36366136323432393463623963666235346634666433303065323732353363353164653237636162
34623738333665363363666539623433313430343835353033323466396236633965373936356665
36353362626338636532373537373031326262346638656264386163616562643565663439663633
34353164313564636164343036323634373335316266623263313434616237346336356464393931
31373036613234393133633263353564313365633039626638613563626530326464326237333466
37356266303039363463306134623366656566336635306330353739336430303331356137623964
39383966633030383935386261366665663037636132336662636565663136333534653039343162
30613237376636396639623737643535313136666166653162373834333461336536303839333339
31313932653463383363303930356535373635623266323361363233336236626138326136333331
34396532643461366239653165303166356232343432363966366565303833333837656638383063
34653139366438346563393462393235326237353463613030333264353432333937333462383932
30616234373139353235393764333537376366386164353765373536636631646462353836323366
66353730616231633463333637333432313936376365376430663163303863373533616432356163
64306538653961633733303762313530663162386536383464313338396439393666373730646233
37623162376463343064343238663935633538626561343035666261613266653331623432613237
32373432373435323835383036343535323538636465393930383666663662343234633466666633
63346466393939396663653332643664623937366265333130326330363934323165333639633537
30333166376531646363323931326463383666363937613338336466616133383162343533396238
32646463393265303365663034616566643538346438343065356361646638363535393735303035
38366366356434333135376465343065306464646337396533333439636436643965623831323538
37373565316561303631363366393963356465353165353037666239653138653731623064643966
63353537313836343932666664653166643761313463666363636665353933313764353562613937
63313464613130383239356337616432333731643637323230336134383264353130613533396530
39636131396237636636363437376466303465373730656634626261636537656665353638373265
30393666653636396565303134386636323363393632356435386139303232383839383830613830
31313166613336363339653830303039393561383962623733393463363963393664376564363038
65366536346230343866616163393531333634346436393462643566316638623963666564373832
62313162376364316430333639376465336166653230613031376666333664623735623861306464
34643333653738343239393630326531353932613666633464653632613333643233636461646436
62653532616562623731643237633366666462386338613037396666626236666631303333646235
33613036366133303735383938366630353438663063656239356537626136316565386434643362
38396666383138396332343166666531343862323862316439643539353863396333346465653035
61313861343335393064323962376465303733656533343132393533376361376139613965653563
36333632386634313739656131333265303635393739303537346661336264333839353234666339
33396236343337386165623137363661663036633633373939643663356637633937363064313238
39623966333131646262613034326263363133353262636439616162613935373364333937316436
35623566333833343637303862653962353163633637393031303165623062376238373037356333
33333061323732386463653638313261353236326137633531313162656439663664316462366535
63633036346134376631663033313962393566326566653433323632666339343738663661663930
31363463663466383133343739383261626165323265396563643635313637303636386133343631
64666635353639623539383431623963643266643465366466623734363963653234393033346161
33393531626439663664636463653236616463396539666164653636396364346233343263366261
31343366633433663835316335383635613032363966663435646361353231376136303361356134
64613539373664633765656534646663313033366437333134626533366130383935333036646161
37343834376139333339376634393939656534613831633231636638333833646537343865393364
62323366363865353466386232336439646664616563386338313639346533373766613862333866
34633430373362343863376463633565616436326435656466316438656237373537656337353466
38353737396466626535373739663337306234666564346563393534666232336164333338383833
36353138643330663133666231616363303536623764323538313532313332363030613531393264
36666237366431633835653538333736653035326236353366653134356133316335303733666532
33636439373661623163363735373066373336383632643762333936353537656562663631303366
30363339366232343631356233326331646437623563343466336638636439623734356462316365
38363839363965383066656331333566653765663730333035306138356434323733316535383062
35303165396430393264393933316238623163653932326339316263343962343361643439353236
33613764623535393762343964636131663563383262393934346462303435623264313564663839
39316438313763616364643839636363663636346263396635386262313630343536353135383865
64653861333562313339343965613164663138636663313638363133326636323630363864373138
39386662666263666333613933613835393366663737376463613736393032643037373335343264
61326139616434633736326662313534363932353562306336343830356162353132346233633062
33623433366566626439643732653335316264356661666335646537333763336138396135623262
39343231303638333436666565363739366535323936313531303561316565393364643036633636
61616138353633396239353262363062626466386564396465343833353839383064333564333862
35663532383633633065643731343036666530613863666538626538616362333866333861323361
38646336643339653639316534373263366463663863386431653564383439393239363762616662
33386264303563343464616262643333613363633834343165373339383431316430653263356263
37666330643165323635333864326334353164373231333534363135666464353533396439373736
36396437316439656635663139386561393764643866656637306165316266356634356565393966
31626465323738616237623937366163376261363330326338306137343163306535303262616635
38303438353734623964616638356239656636383339643237303564613463323763323936343837
33333736313761646631323434623664306133333265376263613332396263383766323732656462
37656165363038393162303661303835383233663636666635303030303062313764623862626661
33316335666161643638363666303566326431633166396238323765636662636630373465333839
37663563306137313561313337366638636637623661623866363235613766346663333338373637
32396334616166366366336335626539356331376435316566396432303833366361633838653530
34306165396430346433323438393939383635386534633762663132333462303433346332663730
35663263616666643030333637316433646233313637643562326537383432356639303761326338
38636237333934316239633436363830336234373335393434363938633538376161353235643266
33396363623439353830373138353762323136386562663135356266653261616433356461656630
36626463643334363662303731663339633339646361373039306235373139383364323361623839
61333263613039333638643166653837393032306163326565346534626139633062306338643263
66396162393639613930366337636466643436396534313438366566313666646537373036363436
31633262653335333738616462393961356434323363613562396639323863383661613033643431
32613236386263383933633162316139633363663435313564376364646334666331353564313331
35303737363639373237383463373433323730363337353232636132316564303661303766643337
35306664613363646135663334643663323363343735666438633633663133626464633531366133
38623633313138633761396331623131626134613439653239333961343563636537373666346630
32633935613639383035386237386462336665613232363834333434666531646138386461666339
34313664643133303733363136633365643138353435666435613530623864306633353733313032
36653665333937323861306666313439346462636264333966306631653765356338396461303636
33383639356438313839643238663639343039393965633135346435356139636361653566303666
66306461613434666637643038393162626562313862373833626131333664653830326364313863
33313230363362333537393864633138393338373831313836643833376630353138666132396461
61353132656637616536343938353065623232363636653161356238623164636639626139343966
65323362313732346461363335383837306365303138666333643331333965343235393966353633
64636366393063663431346465643866363932353637616661333437646439383962656630366237
64336239653736653165353765363834663732623237656230656139663862663261303862663434
62646361666561396239613466383233383262363831623764336339386563633261373335383236
38343430646463623839656563613331663762376231653330356630636637336435643164316434
35396163313933383735343434393832363930353033313865616136623533376463656566636530
65656339376535626132393462336363353330643633303662366337356666333461373234656362
35356538336136353136356337633435316639663366646331313436643230643335643138373938
33333966353732396266333861636638333830336533363164656336336633653537396561613966
61373562646362343531396532336634663664376536636161343862383833316561343931666236
34623138303336643964383331663336356131373932626163303834383733323461343063363964
63633361653033663139303337653039653761633738346133396331353066303533626332333338
62363366353066623965653664343631383963616462383533656261356636326266303437343164
30623135366334656539396233366535303535613738396336336562636331346531366131663236
38306631373166646237326335306134303966356139616434343839316635666663636634666432
36356535613932613931323835336639313636633534633532386632373137613633303462303331
38633964633030633965363930376439343135333732613463363436336466363939656365326238
35373065613837303264373235336133333836343738623338653637383136373663393339333763
33623663616166636332663839643137643635346437616562306663343039643636653466353731
37346464373138396363373333643536383537623465396638366265633566373435353130393132
31393735356438306266653137623964653862373837363034393237646562333232613339326163
32313162313864633262326332326233353033613430663734393133343634363332313833663539
32633135333065376137366264386164633539616334303535666561636533313964666136396464
35303833383431663364646239353264666466313130643535343831306366343262613831656531
63353461383366306434633862366166663162376331653563643330616562653832626165373738
39326334623935646534336235363364343335666135353061646162623661303936393438656434
33366239313066353533376239653837356135326133643735363262633231363265333833666538
63333365383439383733396133383961383030383738306462633436656665343931633766303431
39363632616361653038666332383535366164386138636236643666363735633031376538333738
31333562363964363463323537626232373761666235353335326233663738643037666362396439
65323931643765356237353135626530623666616131653865306339313464616235346264366462
62343038383036316534376562666437396465363164656336323963613335633064633734306238
37326434613537353632653239376563643731356564333363613135303333383664636132336463
64373863366564356534643664666136636137626335633035326264366530626266333231333434
32373433353361303164323939613731303564353861626261633130633836316362623930353035
32633834336238626538383466663931343136616230343337306437666231343332386665616264
37316364666663626537316264383234616334656338633964326562333632353431333530386363
35633234633033613434323535376137356362383066303661333032393761643761623965643431
66613462383164396132383861623137386438666563633539633731666331666663313830366162
38353930376336356566666236366238646237623935393530613038653935646534616162363762
61343561646266663635633032333434306635353765386661323338346261633866636435336661
36626632353135343931636664346564363262393739333361363664623635356638623564336333
30616333376134336533623761333236646665303863336138393035656133636364663765623834
32303536623030653137393862333135376165643661643761636138313365346337373336653864
32346465636162636339326565383261346633663330326235626261613030666365666239656265
65376163646332356534333530623035663534633465336532386462336162663530363663663165
36346461326533333631333839666362356435373466663133356635316537633339373034336639
30616264306331346162373462326330346534343437623232616364343231393738326362346634
36653965643832626536646131616162373662383239366362353539616332326133343561363039
39393032363432353339376237633535353134346530383638613666353938326564663339623362
66623364663437393862616663643132383864333337373761373333393933306431343732313637
36633430656434663335316533326338306432303837626162633037376162363466343933653736
35396436613537343965336331646461613462653163366435363732343133646238313233363933
34343466616162623863316534326361626262663161323438633162323531646565326364343064
63636231346431346332643063613865303133646231643661333136316136396562643563613831
62353566663037363939313233656338323331663131383366643739303366646332333564333265
38666130633861643834303531373631636232383266363635613736663064376363346539363932
37336337326466313337366263656266326338373936323831373939386361356362373730326237
38663638376466343431323062373635326630663265623735353565363537613734663062626664
31343532363733363861393161326634616136646334366431646166333862363764636266346264
37333432373137343463396264346164656232646631303732613561393761323434613232363832
35353537663166336233363938646534303234363366336165643630373236366135333939383637
35353137313336656537306566646662613533613030383239663336336232613033356366363833
62303332633865616230626665363231613665383066626436343861326137616634333737663435
37323330333436343634633365633463336462623738366639313339613061376332623630616139
35613938333237373635323965376566643437653839623336623335343630396663663566343130
31333366346230346462383066656161613438366566316230313765643233626339333237326434
66396336326235373832383939323832333435613331393363366635383539373835353835633133
32323363306366656165393831363737316430303934383466643334613739373631613932323336
39393761633735326666373134323433633833636337633364373832366639323539623566376535
34663565616465616162376435663139306532316338656161313663346636303534303430626531
62616432343439633134363032386630306435656661396534643837356134643539653533633961
38363761393763373566353831346665356633623434383831336436316432633763343133366237
62386239356333343539393565323631646136363631366635383734636631343930343765313561
34656666303562356137623330393666666633313566396631363863653364623261633536393531
35623564636664323836616138343438373535636261666561376530646535303430353764343961
64373065373333303536383334636236336136613065613965636535643436636234623864616631
62333932326166356361336137353432393839663430626639346134303538613138636231643037
32646136396436623330626261303563623233383630313465386131393833333432333535633161
39306439656536306362666263306639643930623634313531356138613139643638353132393735
62306364393534326439396330623063663564333635336664326265393364313531313265323637
39376166653962663938343030636434353566373731313663386437613432616662626138326163
31326233373964613835363039306463363937393162636464626339363939313939336361356232
36616339666164666433363362316565303837616166393665623331663361623231646136323564
62613965646637646661613938653765656164343334623564333264303330396466613331346161
61653033303737646262333638303062636535373162646138613364666331626637636332636666
63373530633430663535643562656230356531366334333062376162653762643839323164323861
62616232393234663664333838396537613361303936386538303666616230643233343539373834
39323833313036646238383232626539666264316430313636333233326465356365346439613935
39623334633361313832613464616533646133646330636135626638313063336436613834303138
34623062633433356337306163343339643439373635376534613062323664633537613433326533
36353330393066386261393832633834326333323562656134613562383261653935643931386161
63663565653466356166306661333134353265326334653736386664643161373635633633373838
37336262646266353538633431613561326539326363633933393065383465336565356433666236
36646362643862393432323036646632393938623739323539326139633338633031323666366465
66623462366432313232666433626231343132663030323232363064336234646539626330653432
39303462613438393964336337386534343661363464353066366530373338636531633539343334
61656632663134303161363563363036313531353166613766666237336135643338363765346237
31393633353134613137383638646231356263646530666335356231646434306663326634306266
36613734306239646335343538303235386334333638383433396334336464636334323866356638
31643437343934323563613831613863336635333365383930653230356365306236313537656131
33316637343635343233616639643334646561356161333763383132663264643561326430336230
65356637623862346439623131613334303864396466383435626332316230353334626261663164
64353334613266346662353233356465393639333930313165633938396466613935333130633630
31306265373932316464633033376533313637353436353530656264653831333632653165336463
34646164383933666636633164373030393337383331343463316430313336303165383332643735
62643963313365663038366163346234316237303263663637376335313262656364653130633066
38653239343561306635333263363933356166613739616331623663613838666666303233656530
37666232643337303463356266396434663132366561623337373566663836353762323864343766
34366437613261326138633138363833663333343264363035386363316330323239646438633637
65636632613137373465303662333861323562316433313233376431393334316630303237396161
35353833333131326339363130656662623966636166353234313263336537663036646138656239
30646261343965303663396639376266666537346334303932353631646133356333656130623531
62363438313162376634396338333837386361313362653661643562636639393762653962653732
62343465646564613137303266313161636139666535653661393362653736653832393438333731
36396332643730626464666364343732363932616336663062333762353634323431346663616131
61626433376437336234303130383630323833333664636634656336633564383464333032653362
62323963383362363061643937393139633431663232643130373965396639666537373232323133
66663166356232393631383034653562303633643239343434616133386262643532363433633630
33663139303166653933336266346431336465326663623161626463666663383631343533643535
32396461643365323230306263356130326166333333343033643431633463393834393866316432
31343736303638613661626138613639306136643033373731636461356566336631643439396236
62323733656164353732636364623138373266663066323565313236316263306265666236316337
39623632633836633830643233653339643433343764663933616165633561633432343064326134
30303530303838306439623930333263323432633566626466623063383166366237373930633332
38303265656235636265643964323266396134343863353237653864326638386631343437663836
64636134656132356265633363623432343561633831626532303065343365666134366465646361
35666332306539333933333466656334663936383334373865393036663534643965643464613161
35336437663930643030646631336336633038336438656439326565363864643266376561316234
36343663663065306237323135336236623438333465303833656237386632646162343833373065
36626266356662626232366635346338626261653762383737346431333563363330623039666136
66313231366431333439303664666430663134373761346232313037373832333631356639656164
36323362366236376364623635323862393239326166613633343135656263373331393431643931
38373133366461343363646461363237633435623036373931386439646161616338666163656633
63393935346637356462356463613965633265636439643630303463353639366630653938656134
65353766316566646233656633343062646235323535653465626565316634666139313637333464
65353635363037376365383164636437396364643138343830636261656339313965613162343866
34613331623730343962636630366164366530356365383637336335643937333865353530393964
62363436303466323735646266386530313731656365393964666237363537353632303730353237
63656235306566353534373831633239383134616166396133356537313333323635343462356337
39623663653134656233383665613137336636343834663035656537636164303535396434313663
62366664376338393439393162303132346632333935306430343963343234306237363639646362
38353363353330666564663435653639646639663238646637383736316164303065396365616631
35386362366465656331343133666238313837613364363430313663393837366263303138316263
62646530643434363633323964356231323835383838343761616432643334643061383833323866
39366433336363363333373136636537633132323865346136343063366531336564343961646661
65386336306431353033633763666563303336643030633262633338313133386139383463363462
61626233623230306431663438656336376636663137373165313434303664643863376539303966
66626331326333623233346462326533653564336130653135646638666531356336373135633835
35643439393937353666396261356362663562373032633334353936633433316137623931623866
65663765653231646430383732666662623663623563623633373962346530653866636135323366
39626138386232346665386361373035376131363632633131626636316338656139323733373630
63326437373836343837636166376136363364333234306336323961613463663066653361363630
66376531656639653036363231336263303265303233313435353765336338343863303436343062
61653066656238383262323130353535303835303863303937646465343665663165393730633761
61643762303662383834386335353137666464643031623962343566353165363937323663343066
31616232613036386434666439643135333532646539326234323664623666383064623831613161
34313835376366646564313736326264663163316361363063386262363139326162306239343664
32323935653539626638363263313066343533323330636166323933343835333235663066653639
39633931626661383639616261643634376332366233356336396234663938363538323733313436
61373334333537386631666637636133383038646462663165643236626164643932306537303937
35303563303635323938306531653765303362633539323265636139623637303934393364326134
62356539653366316238646563386632306330623662313737386661353939383664636265353839
63656362613234356465303939373932363133366437626439376435653763303134393430353532
65613464333537316632386438636335303132663539616336636631646464663534313736333132
36373563386264656238653566323037383834326137346335653937383735636531616466313039
32383765353333336232643137323230333263623132393566646261376338633930363734376331
64656530616435643162363330333232646635316562316566663732366231383739633536383038
62376235633761306131623664326535313030633266303237383531336261393731616665333132
63643733653239616134346163396632376434353536386261613330313866633466636563356532
62613963366166326639343939343431316363656365303939316235343938666433383632663539
33656463356333396237333032353236633138363964386533653333353030633461316239333061
36313762393438616663366236333730323235663263306539323534666536383038623836646239
39663531626436656233346530343531333764306461306433323362323732303165303462383135
31623136316131353534643565303739616561613338373438363133306161613438653833313137
39373636643037333939346431653965323434303733343431623137303064613735323332626539
33303462366335633135616139613237336562626333633265636263613337343333323032313335
36323339336565643537356433613731353338326561303236336237656237336363643665353063
33626364303864376232623933313330383737326661353636356661313938363336616661643833
63373539626230343864333064376337623266656465646164623265353137373930353962363964
32646566636331646430643864343266383732313536313561623937343438313537316536313334
32326566623135323130393764373566316338323266626363326362633763626330383133623963
32326437613266316237636432333436633166653961393131373832626164633935343237356232
35303264636563346438613235366462306166356237363266333734323635643539663338626334
37356435633261353139616231306439393431636131386165303061656661346337346338356636
64393539633338333339376434333464393666373238626132343461393837373033333031646464
65633439346366353866613261393163333738616464656535376431653765313939646632636362
37626663333661383764366337666261356130383564316637656331633833303463336537383834
63383138316534373538623239383033363564383239633464393437303533303638356436353234
31333337666265353233613839643330306135653363626538316438363734383036353039323035
39393337323966326233343032663464386338613131386430376464303162316532336132396238
64613664363639636336653132356330386136666264653237656535306162353963396661333566
62323438663063366566363765626230353831306337316233363962363134643638313564343862
33393064373765323432343733336638653937373461663931663939396434336237383235353166
62666339656138336166636534373631336361623531626664393536663733306235356133316264
34316364336138373838623863343063393162343939653364323932656533646462373139393366
33336631646661333563656138663963646438663165353539396438303538633035316334366536
64333635393331383736373134343235613733303333353664643665623436383430643833393230
31666265396435633861633063393039663839656439376239396261626166646337383430376236
37386362633237316664346536333638303461353039643762613032636337306235353839653739
62303033333766633162346662633839383863393066323462346566316433396163613961376263
35643166366639336163346363666236303965326135326433393136326665353464643366396435
34343937303964353965333562653062623236313361303665393064346334306136653037656330
36323931656463623334393638303437643566623963333332633535373632666233373066633534
61353763386662346238623764663463313430383738646430383433613436613631393338373634
33346537353364313231326338663531623835386432326262633561393537393237633038643930
38306363616630323630313237633664633138353536346164313737313965376232396462363431
39623036386538633132326134333864356536303836393738663533336530653131313337346332
37623233386531613934353461366136363835663264373435346566626231356263663933323061
66656436633963623865663663396566373233336265653061346538633736653433356661336134
37323666326462666562346530663965306563346466386333373166376534643336363939333365
61353961306563643931613037353934613037383466656139386430383136386564653063303163
35343738343364383165316439656365643364303166633765633235336265663233643632316637
66633834326664303131346537623561656431623032356665363834326561626535376161633261
33326233303836323962386132343965633231313933366366346335356563623139616534656564
64303533393234613838333833656134646463343337316564626666306665616164343630353536
37646663623639336430663037333064376238373866383664333037616135313931336136613264
34663864643662346165656331633132373364376630346230373131623234323733663862616335
36356164626163336265323238353363633139323733643665363737623238366434393864343466
31326366363662636361356663663063396561303538303832633435383065316565643434616536
61626332333837623638363365306163366531303861353736326165393531613264383931363532
66643834613962336334353531383532356430353161653561386366326530613532313137623766
64383966653633333832343733373034303562396630316133623139333463356338666336643036
32346337356231303365626165643562613633666164626536313663313562323733623537376637
36376536363232666536323632303434383537343235353864353833333363303534626666663166
36613639663536633639613539636337373766353931333962626630383931333534373536323061
39316565613038316161313165323730333030333833373536383961366139376666613362336132
31393432646162313031666161643965613862616338386666623137383339396631336530326632
62626565613530383230353931313136633139313934363436396135663864303564336433393037
62316636323735623366643061393030653237643366636262653065353565343030393835363636
36383837313136633335353330353936643137393939626539386636333939313239366266643165
39313464353666306230633030363262306338353934386362663636646666383731386363316261
65343030306431336561663037623833646561623666333862626364616335313839323061353830
31663366326663326235373335313763346432346337376265313133663133656162373435666330
30366532303361396636653061366164343465336333343439346163393662643036613038343865
63616432653164396361633233313735343062323131353238346433623533646665326635643137
34393131323836613838623638666161363332393964376230663761643535363935373766626437
62336330623364623439336538393332666164356230623564616439316236666333303663313664
37343435666238386536666433653535353536303664306133343664643130373061663462623539
38383739613963643931623231663263666165303234396663383832333564663330666132396362
66393936386162376465333531353632336135386137623136656161336436393634303764303061
63326238633738356431336233653135386336663932643061376333626364643931326339346533
38616638313630633334636463323533333566376134646632366536303830643833323463306361
34343362396564373338656532633930663137313635623131376464313733386366363232396239
65653463626362663362386130356161333165623964333235663663316463323032636337306634
32353363663534393961383437343665306133316633353936616235616463613031626562626231
65663836393661323136656237626337303031643232353637306463653264326435656537326130
38373436363736336166323439333734336530636638343033363166643165363463663861663537
37616239363836353763373963363038373131303962623964326531373032326635306166336333
62376165626366626466613338313038383563663834366539656165363130643933383564353032
63316534396537626663326435666633643530353832353061636235646539656262643132383261
62383230623733333438613832623937633232643365383330353636336439303139646331313130
36616239613935666336363865383062663438626330373938363033626266396662616533636238
35356264326133323038323261313930613635316531626165326237383365666232386464396332
63313532306164623266316536373534306639363066623035393666643530353563646536643939
39316431373265333461623063386161626362663430343931303964373166316162636664663861
37356361386637303363623166383861373265376264366136363662303366633866396166656534
66666532663863626365303062383965633637316133653435353462373339626431646434386663
32643930363135356535613165653738613536303764353866326366613637626630363938643663
65393665313566636535346138366432386163383138626665383163613865353162343133313330
33353335366363376339316436343436633762393362393934623662346539653963386631666639
31323038663262343631653262323864333165653566636631303036323538623538343865303364
39366533356362316461346465343135373661323839306639366133363437326166653133646134
34306436656538393837653362393861316438656638366533356139653635633763393832333531
30646561376261363634376634616338356437663733636533356266626635643262363566396266
62626461313461336239316530666366323866623633346265633637343335363336313533313965
33333631633665666536336238363464333838323033386333643231653264356439626466383132
64373434663336383437323134383763366530376262306230623465633330633833366338353761
64376632636463633936376132646530306162646338366566303737666432623037643234616136
64393130653264383933333231353038636235386233656633656339363831313361393035663035
61376632346334366430336536623263343734363062383364393933646335653466376464363231
36626337623739396563613030666635313232646139616264323363383734633931626130616531
64393365346264636535393534393632363364373164313361646633633437623162656339303436
32306634643964653730306331623961623966633538663964396439363761633632343765633132
38383630623230373334333562376233626333653863636664623865316334373765666266306136
37326536663564366136623863303566373035626231353631376361393464373233323462663764
33643063323362613232663038333038633438646437323130343461366665333232346163623165
30343561643266333436313439353432363038653239363632346163353861653239656131656464
39646232376634393161363633643834396262386338663964353831623462393465613964373338
61376439643464323031646464636238383164663238326438626134316566303561386463626665
61383937353363393865306234303630323666333730623031626336386535613936343865643435
62643461626465623865626466323730623031653462613965313239346134616364336661313230
66316361313933646436626566326335383661656261643663326231303336626438636265326362
32326162636335356531653239353234653036386366653465313632366462656661636333323466
34303238396134616438356536386539336335616334653238343337633565343138663432356438
65623538333862633832646166356438323962383739636165333963646262316439343330306264
38333530623838376237393235323030346365393138653532383662383564396230663732386663
64386239386530386132626166626138303663633837643731653032303136396235373638323430
37336431623933316231353633336536353430386230633032313635353261616331643262333238
37353638346661313030613335343134323034313937663830663330653935626233643037356339
33326437383235656432353561656334643932646338383039383437376431333135623138356230
64363534343365303465363734373561623434663734333737663266613366636365386333666232
64346663376630303130336237313666386665656537333231396233336539396530383463306132
31656331323664616262343139376231316464663063323732646561356539393466316661623432
36366463366464356565316564623831633034326230313761663061643237333465653031376638
63633033366361306634613436316161336431366164623938393635616661656163636331653736
33373934353466613462323531313261356338386331333762663764306332396335383734313166
38366634623962306133343838383935646363336366663538613334313735383961366334643734
61656537653666373338363331633333336535356336363566373963313837316130373633326333
31393337366638666335323136353132626338303463356437616166623431303430633561643931
64343165636635363261633564383932396134313863613262353335663464363830343463613765
38623265616132373832636134316463613534326635373461393764656439366135323231353261
31373939346536303734663963646634653635636333336530323234356630663538353236346433
32326137353664373465393163353438653864643032393262613366613334363566366162343366
35346239326432616234666631373133373563306166383336646338663136316237383561336565
32643839323832643961613462343031643333653961366565343634623937613365363735636661
32306334313765313936323862336530376630313063613165663766373465346532633137383931
66646634373566336161343564636563383361366463353065623063616434303466346433656431
36393634626330393333353236373933313335366235343233643634616334633535626637663766
33383631313631656431613334623937333064313233643666303635643134356134316563323731
63656162396166303832353632616662366161656265336161663365363866373536373365616331
36373338663638313261303964636337343934346562633934656562363437396563663130663162
36626534646231346232343531393764333163653266323066306437663835306666356339386337
65383430333332376435613935666339656263376166643764666633313665643937303034313032
37303037643863616166663031396264653137346632636136363830666136613532393934313961
38653436353635326432373863383733343166343030393361373065336437373661666264383833
63373534353537393135356436323235333332383037343565653465373439313035313937366634
31336662326635643430323766363364666632373832366237356261633736383234653531653161
31656464323166373734656137326461343866303036303062346639396331336536366365373030
64633437393263343039373133656335326661653339613765353235633065656463373733316538
36383732633537303766646131353539356331646461613366393566336462346661343265313132
34626163623133633936383634396561663866623965303530643738386165336138326135666162
38643339386166333632306132386430343536376534326339666363386161646538663133666635
35323931363261333736366639666434626361396161393832303265613561343839353937643934
32623962356335656561356234646432363665373338616361643963323634663537616162363662
31376332623839643964366635333033313339366138303932333535336662346231306639623230
35343432373030376666316137373236633637333465313634336434613161656432373334313661
32376662656436303437643064646561666634343165323530643561373565393063373861616538
61626634653562393434356165396263396365356133346238623562313663646633663731323731
63393638316635303535663230663339646339353665383364316563343637633364333465393835
30366132363930633339383661323765633562393436386236663537363638343232666631363336
34626661326430346331636165343666383665303634366435636463363437303730393762646534
39633730623539643634353330326437323937313535396666343962343735613437633339313634
37373537303066636133383261643565386232656239383431323436336237386563613037343666
30336662343661623135366533396262393336663665396239333061376436336332613366636430
30333431336239363363376236653161326236303061663135656437633034653439373563313138
34336130613233346264353931363538616139656163366332613863306335363833313162386333
64383164613836643431343233316466373862613466353439656365303634343164393936323834
39646534303763356562653265646133653463306639643033326166313631303931383463326138
64396137623435326339386336383635326337363639383664616165613230643364643831386237
64646338306437343239316561363735363762646233343564393932343761323364363061613634
32386436613832636237316530353532316364663839653632313637623036343437356634336563
31353761616132303430623334383239653739326133393465383232353139623764616330306539
39353137393534383639326266386563626630393965346462313666366635643665353837613939
31656332343938373037326134643332303931303734626436616330313937323165623164343938
33663435646261333062623863623364383231616434346464326331626639383832313830353738
61663464663938646163393162646530656236366539393463326533316237326162366664333230
62613335396436653036623363323730656639396431396431653931343437323164363936313364
66306636373163353833616636656165633932383136656661323632323433363936376331303938
35373634653436383164626431663161356463313435623236653833653531613562333038643961
64383864373762313230386165643737303336303365313961326662616163343737373866313235
66313637643435373634313236363861363139666561663366313166636261363763633631623236
35353666343864323064386662396463346431646662363330613839313262393536633838333364
37343635323434323837613434303836303463623634616531633762616233393762386534313736
34343231646432623163376263326163363533386330363534303939383730643832613136303162
36383930336337313334653136613763306464616432383333326137313263393764653164313833
36396233353030643438393036653062353161383231366361666435316136616632343938663364
34633439643362643236303236653836363032626634383433313964323466643938633637313462
33643962323265373763653765336334316431383331396364356439313864386661653831376435
35626131386634666638383165646363363732363432663432323230663739663163336234353061
35333035613530363932623838303165346534303234323239376637633837333966333335386634
66376332656162353365613266623138656135343562663166396432636564376232353463343839
35376564663763343766313934313561313765323537346365353035663134393465396139303530
38323639653537663234323234626264666333663665346532656137353037616562626463633863
64326338393632613062393463313430313636386462393038353533636630303439653831643263
36343664656462333261396538376365343261393838633135613637396465396530396439616161
33343536636666386132366534643736323365303638656262313366333137326665306266333936
34316632613338343532653033333438313365623039363539613438376232633536333739366334
66393730636532373436663837663337313135663034653334373931346231366163656262646364
61646466633930663761373732616635343962366265653630323964366265623036626163366535
36623361383266346132353234633436643732623661313733353839633862646462333765373034
36646566363830306437306566643734663635393938353932616161316365663263303665623964
61333238356239376237396162346263666261383430306134313064616133633238333936396430
30356665316163653333633136326234663962656338633864326331343235383335393539373838
37623737376465643338616332643535323135656632663837353939383937373032626330313431
35373636363939616134373039373835306334636236633865326134333932643538646131313566
34373332643761613065383230373832643064643234313363333861633137336436303032616265
32316437343930373333646263336333653363383837623531323333333533366163353462643163
37316538653435613333363033616661363132626538346137613439396233303262646661656639
64373239643934613133313761363966663264636663326661613835653936663633373236373764
363061653835323063323665393339383033
