$ANSIBLE_VAULT;1.1;AES256
64626637653231636461363938376130633262646637373032326362313735663539663765376538
6138663533616337343238393463376463636633356632390a346534636166616465643138613763
33623935346536323532396365646438666537303462393436616232643033396464373361363836
3930643261376362640a383962353366353330613732336565623135623733636338363433383364
62306665366439333861663734636433306234333961336139613761323833393266383431656363
66653035663331383665343961663938343035343463363363653130633030633131636633383830
63303930653639333030336437363364333930623062303533633339313462623465376337616366
35356634656539366266393339343462323337346462363135333437353631633739346636653536
39363732353862333637623561663237356238393961663436613065333532663761313233616239
32613636663463613532636462663565366138346463343937386161343962613262353135383530
30633162333030623034333865656530343537376434306138353938386262663439666539623839
63313661393732336436393765396537343330656631623065373965663037326662383934363739
36333530313565663362323737313138663835323364376338613666636432616663363530663864
32636631626230366134366639663865636638653338346635636631353733373637316366343765
32323463356136333333386561613565663330343963316231316531613230643963396565623631
34613534656433326266393962376531343532373163613165623464383465316138613231396161
30393531666538326134633639366638366465333662353736353161383234333262613363643765
36313839613261643461366536663431336362633663366565643131353965393430363935613139
37396464643366323138616439343839373636613865396438613966633134636562363934633833
34623362303962326537363664386532306361373234373962353064336362613337626263343937
33376466353036313265383135663666393434383261616566396531666438336530383864653639
32636430336234646437326639663132643562613930663565623366613166386437663964653661
65656131393138363264383763353064363964373939383662363965633233623834323236396262
62356538623037346531626437633933663532353538663866626431663631353635623866633731
36623038356437653065396537643336646139366265363535366535653139383964626466636366
37663031636437333364616435616634353061366366623130313163346663313565666332613934
37333433396135663430316164306137623935656332633231343638663433663331623439353462
37373335323633336230663334633033623162383534393962303734353563333931336464396162
62343534303765326531643530613166643839616436373065653536323233346134313530336137
39393438316465323066633164326566646236623538373736663737343431616234613733353039
65363434623133323361366631306562663135363935396166363235623461363833383637333636
31643938303236393663313235633337326533303932663534393262393630613963386162373736
61346237336662323037393637666562353533663834353834303338343431366438373038646430
32646463373037336564363639613566643463346236363363633531346365323139303662653437
30366161303833386432373238316332616632613435343735376235656130623036376166333663
38653962353135333263663061663333356364323533313634356536616361303537646165636164
31623730343836633933323433393162666463613764343564393763303034373136623833303461
66616264613735313033663837313934323835373661623865636562656465306238663839623165
38336539636637613539653566666132326165316539343762386265366638373133313465373730
63633238663836613865323235636164376438303137326565643933376530383039316133303235
34353865383439646562663934623531646461376332343762663031643635643238363635376438
66313565653537393633646165363162643234363661393330613234366561346635323861323435
63646265353665646630313366633932663433363766306636343063643466383639353462396334
63313463646431366333343365616535643030386334376630393138646330346332323936333433
64313663663038343532663862326136303662373561353333633635373539363035343465633239
66623361323162323766343137633831383063343763376166666630323732373063616336316630
38343337626463643731633164666135336332373962623661613861326633313566336561373733
37393866336135663066663932656633356235646362353164616662333534643234363835356139
62646364373864633139373239636330303931623631626332326337326537363134316333373734
39393536653961646638633830663666323365356535326234353432346166356534313062383839
64333434666535383032636461623961306533663931313866393362326538633265383261663636
37396433643530333039333761653866386461633963633764353536313331666333666333363966
31366562393462323964343864353134313561303563613437623165663530623630636234333265
63313634346363313063346634663466626436353235346638323735396163373964653130306235
38363430663733376335343435653439656464363830356532633862303061373138626137343764
63376331323563613538353934623132366139363632653162376231666134333633396336363238
35373538396165326637653530613832306138663035393838316565333333613861393335633762
32386232346164333135313937323062376131383136323362396634393633616562616537356330
66333562636635373938393231343564623633333966396362303137353833623531356465643531
64303362303764633865646161396632616135343334326161623439626436623466663739353332
37653338626564346461396132346534346539326236383130653938373332303861326634383961
36633936613534313537343565656432333933643834313361356233306164333030383336626434
64626164633333306536653363323861323663643338303330643665326435373034633333623230
33393638383031366564623438316663343332393633626538663439363932383465386238623162
30323131633030353332656366303331393032636162623139653761386366316137653435393562
35393031336364336561376435613136363336336662303836303038313066353139646466313137
37336664373163646631316439336330393231363161393262326139373631633936333366323136
61633336373130373066346433636466643961626438626462316662646263616233383465303933
31376464613134353662316635663536353863323835333262636435316264326137303164326463
37326539313566303033653330363834663231393731393732613732316139663666633065323932
62323264613332656666353835363830636332633263373033643863303032633336383862643137
36653231613835313935373964636431303834613861323130623262626233376463393363336666
61366431656335343463363630643361363961316333343834323838346130383638396631356531
30303133613931373438313539636130653666343736653532306265663035613236373736663061
30353739653638373734313161653430363764633163323434373464643237653265643038373362
65616166613066663362303964613164363464396235623363393336356233636434343961346565
39336236396439373465393330303539363436323333636633323639326231316237333539333832
62386266333534393831393264353539373766396664363532366131383561653039303130383536
37353538356536346466626630633634373862643437363931326366373735323339636132626333
39396163643761643736316565363035663038626439653734353063643961353834376464613839
61353338313532643330396464613536613736353938653266353466313634633064393462613633
38653238616235653235363837643261333036373864623637353062376432346532326232626535
33336538633465616665643734356234613736356361643065626337306666616132663235383066
35326434303432653333376566303064323163333839303938626563303862353365626633323538
36356366343032623737666561376239333962663862616662313139306533383135383366396434
66366233393564363830366637303664366636643135303830396339393664356136363437363236
38393365336436363333366337373465623963363936323761303566353137333138303632653661
64306462656666383932616530393634363862303065333038353536616538346430323231616664
32306230626466386438336163613033346465326561646339616138623030386239316437613531
61303638633565323233346636613438336563613933616664656338363066366331666630393264
32633138376261663766376337326561373635346237373939363537376436343036643264326263
63396262653034633132393433343535656465383133633061383138623333663965356635663166
34633838343230653136396566393964643535346462386336393634313461346561396536366538
35643032646531333633303634656565626338663361376139393066386461643636353031373437
62623433643230636131366331326639653536343939633463343732373264393234636534643131
36326162613337343236313731616533666138323834313535366236356235613462313062383661
37363562333638363632386661633633336231386534396462666431643963373636656565343937
33363163323866383163363265323735366532313530646464336363383536363631316431636537
31343535303961306162316161313865323737323437636636343637623764303635613965336639
33313231383861366335613664343537623262353835326239613265393835346165306464306565
33626434623132653134333763643036626666303231383136636432363637653932616162626262
64626439363031653264383464316138656266326366353531313062643266386235666238633134
61386636343833363537393932303032326230313931346331666465353035366331356463633033
66343238653533643665613236313230663766363435336637653662346639383632626532363132
34373733643864666436303130313039366462383639626231323165313132633863383438626162
31383864343465613262313663313965633835353036346564313062383263656333613339323866
61303735313736313564316263356230353032653733643363633537306661383366383335636636
64623665613630326631623532336637316365393863356231656134616466396533653034356336
30323831646334376330643430646163326266323161343835303531303230356539363866386134
35616632376336326437653466626364633837336233623538303335636431346231666338343837
30303937313264653033353666653865303564653837363034366534633233356437633931393261
37663861623433366536333034386662363562626235383963333361303738326130343234306236
38643934323232376334316237396632376464653864653333323662323962666564646639616664
39616661396132383061393265323631323338623533643335316563663630356365346661636435
33653738306435663464363434323661626136396135653561666562613937316663663063626537
33643230333037393965316165636239623432363039346134616165613866316264616331343539
65313138663333346263396134393635323963653463353635666631663831353737333863633061
37363661636335643636376461616434636131393939636231666462306166656334323163396334
35646235356130633236343332393032626432653265353665326434313637666137343032306332
61313832353062643131376161646363633339636433313162303338366639626130616134353330
38306135306364636135306662653962363238363362396631343837366366643662656565646238
64663233373661363463613232646563636261396436353461623438613061396132623564666530
34373262656534653164636639613264313332373535663431336435393361363636336365393336
39346663643338376365323138633234656330313231633864623066386366313965666163313036
30373838336338663632336435333436326165303135653135373638343263663164633966303737
37353436643931633138313236623561623661656464333162346433333664313935646330336431
32316439623030653165663236633037393436663265653530373961633364613832323931386334
66386135616636663937326563336536646365626361396433316161376334393138336462313336
64363634323536306562623036363865356431383131656337343130333465363031316234666565
39373164656631663838373330643366363036353531333233303234613831376664653334333638
39616234623666376665323865623634653733323864626336343436646333386130626338616162
39363336313033363037356663333765366566356530366161633130613739346562313236616332
32613162386465636566326361616430366637313533386231303331323238363639646139383264
36646638643665363764316663376461653535353037366636306166656463643136356232636530
38666331613532313032363630623961386261316536396334353337386635643232613337313564
38346663336465366465613638306566623235626466323331623165326439613835306664343261
62306632303133616333346538643933656136643239363731396462356634393533313135383534
38636265353065646466383835376138353564623035336164376461346236653931653237653339
66353338373936656234333866373933663836356230383261336538373230643261386538653839
65613634396636333332396565643365346631393537373439613431643931666438663938386637
66613131653965663565376362353163626439333434333537396566653937316435613838623032
61393064363730366333353736623238343138623535656163636237643134316461653432326365
35646330373333346136663431396561363433636134363865623734313163633632376233366161
39306364336166383332353532333733326564653436393530343163376265613734646366326634
65376433633365333766343662376362303864323566653632383831363937663462343830373937
62663337643666383166616533346132646434323137623633343930616633363133623330623662
61663937306136363837656530396561633461633366643761636362646461633336346565383536
39303931623939326662623061376662383666663461363564323433363661626265643965656633
33646663373661383031336232623665613935383535316563633331646532643761396661653539
65633531396364646239653038366437623636376335663463306363623636363666323132396531
39663433383039313139666661646238316465613531333733653339666438356337336563343836
66353061666238633535626536313931313363383038636565616533356136653833653463363934
61643932653137303865653765333939663461343130653034313963643830653565323439373261
32663737383439316666303764383561636262643863646361346632616262376631343230643031
64393930323333353433643364373033373261666663393831643636383437353739323964323138
37393133626466373765383738393461316536393637373163396133646339353735393534386462
30656664313036646338336439363263376163336339613036323932636638333937333038373661
34623632383037323032323239386537313733613438316436343538353262356262613065333764
39353532653738373538643534663637663336353965306339356434306139666364623733333239
66366533343032333436373239663964666637343633303737303739666538386266653931343466
32626261666437393532613630383138386333386630346163396637396134393637373634316437
38326261356433343334306339666666386637353266636537613262633034366634643666363165
39393335616238343162393864613738333235393864616138363662376131353139646233383235
35393636616632393733326562626238653330386536343565393731656530623634663135656636
34633830323139303131376235646531326430303135386535623933353662646439613134336463
3734623338383637353065303665396531363933656237326430
